21 6.0
47 13.0
68 27.0
68 55.0
157 97.0
167 132.0
181 173.0
190 236.0
229 291.0
233 340.0
416 396.0
271 458.0
286 549.0
386 646.0
469 736.0
496 778.0
389 834.0
415 896.0
507 973.0
390 1035.0
296 97.0
24 6.0
30 6.0
28 6.0
19 6.0
19 6.0
29 1.0
5 0.0
85 45.0
99 45.0
83 45.0
87 45.0
49 45.0
143 45.0
104 45.0
113 45.0
98 45.0
107 45.0
92 45.0
59 45.0
71 45.0
92 45.0
106 45.0
97 45.0
98 45.0
107 45.0
122 45.0
119 45.0
65 45.0
92 45.0
114 45.0
121 45.0
115 45.0
79 45.0
84 45.0
90 45.0
75 45.0
186 45.0
111 45.0
112 45.0
72 45.0
112 45.0
104 45.0
114 45.0
90 45.0
108 45.0
155 45.0
168 45.0
96 45.0
94 45.0
93 45.0
104 45.0
63 45.0
70 45.0
94 45.0
42 45.0
92 45.0
108 45.0
81 45.0
80 45.0
74 45.0
103 45.0
103 45.0
63 45.0
193 45.0
302 45.0
194 45.0
548 630.0
506 630.0
497 630.0
473 630.0
