9 6.0
19 13.0
42 27.0
47 55.0
91 97.0
114 132.0
103 173.0
70 236.0
108 291.0
201 340.0
201 396.0
158 458.0
217 549.0
217 646.0
154 736.0
153 778.0
224 834.0
283 896.0
227 973.0
238 1035.0
63 97.0
8 6.0
7 6.0
7 6.0
7 6.0
10 6.0
8 1.0
1 0.0
62 45.0
46 45.0
49 45.0
46 45.0
34 45.0
83 45.0
33 45.0
22 45.0
28 45.0
46 45.0
49 45.0
24 45.0
30 45.0
39 45.0
52 45.0
52 45.0
36 45.0
48 45.0
42 45.0
32 45.0
33 45.0
51 45.0
73 45.0
38 45.0
47 45.0
35 45.0
40 45.0
24 45.0
31 45.0
41 45.0
51 45.0
43 45.0
79 45.0
58 45.0
47 45.0
70 45.0
71 45.0
40 45.0
43 45.0
39 45.0
60 45.0
56 45.0
25 45.0
45 45.0
41 45.0
40 45.0
43 45.0
25 45.0
36 45.0
35 45.0
29 45.0
36 45.0
41 45.0
28 45.0
26 45.0
38 45.0
24 45.0
33 45.0
55 45.0
122 630.0
133 630.0
154 630.0
126 630.0
